26/fev	0	1	0	0	
27/fev	1	0	0	0	
28/fev	2	1	0	0	
29/fev	3	1	0	0	
01/mar	4	0	0	0	
02/mar	5	0	0	0	
03/mar	6	0	0	0	
04/mar	7	1	0	0	
05/mar	8	5	0	0	
06/mar	9	6	0	0	
07/mar	10	5	0	0	
08/mar	11	5	0	0	
09/mar	12	7	0	0	
10/mar	13	4	0	0	
11/mar	14	22	0	0	
12/mar	15	38	0	0	
13/mar	16	25	0	0	
14/mar	17	36	0	0	
15/mar	18	87	0	0	
16/mar	19	63	0	0	
17/mar	20	51	1	2	
18/mar	21	184	3	0	
19/mar	22	130	3	0	
20/mar	23	335	4	0	
21/mar	24	210	7	0	
22/mar	25	386	7	0	
23/mar	26	346	0	0	
24/mar	27	324	21	0	
25/mar	28	310	11	0	
26/mar	29	423	20	4	
27/mar	30	481	15	0	
28/mar	31	464	19	0	
29/mar	32	392	25	0	
30/mar	33	335	4	0	
31/mar	34	1165	61	114	
01/abr	35	1099	39	13	
02/abr	36	1148	84	0	
03/abr	37	1156	35	0
04/abr	38	1151	72	0
05/abr	39	901	55	0					
06/abr  40	954	67	0
07/abr  41	1846	134	0
08/abr	42	2153	132	0
09/abr	43	1720	135	46
10/abr	44	1461	130	0
11/abr	45	1978	127	0