dia_mes	dia	sem_epi	cont_dia	mort_dia	recup_dia	cont_acum	mort_acum	recup_acum
25/02/2020	1	9	0	0	0	0	0	0
26/02/2020	2	9	1	0	0	1	0	0
27/02/2020	3	9	0	0	0	1	0	0
28/02/2020	4	9	0	0	0	1	0	0
29/02/2020	5	9	1	0	0	2	0	0
01/03/2020	6	10	0	0	0	2	0	0
02/03/2020	7	10	0	0	0	2	0	0
03/03/2020	8	10	0	0	0	2	0	0
04/03/2020	9	10	1	0	0	3	0	0
05/03/2020	10	10	4	0	0	7	0	0
06/03/2020	11	10	6	0	0	13	0	0
07/03/2020	12	10	6	0	0	19	0	0
08/03/2020	13	11	6	0	0	25	0	0
09/03/2020	14	11	0	0	0	25	0	0
10/03/2020	15	11	9	0	0	34	0	0
11/03/2020	16	11	18	0	0	52	0	0
12/03/2020	17	11	25	0	0	77	0	0
13/03/2020	18	11	21	0	0	98	0	0
14/03/2020	19	11	23	0	0	121	0	0
15/03/2020	20	12	79	0	0	200	0	0
16/03/2020	21	12	34	0	0	234	0	0
17/03/2020	22	12	57	1	0	291	1	0
18/03/2020	23	12	137	3	0	428	4	0
19/03/2020	24	12	193	2	0	621	6	0
20/03/2020	25	12	283	5	0	904	11	0
21/03/2020	26	12	224	7	0	1128	18	0
22/03/2020	27	13	418	7	0	1546	25	0
23/03/2020	28	13	345	9	0	1891	34	0
24/03/2020	29	13	310	12	0	2201	46	0
25/03/2020	30	13	232	11	0	2433	57	0
26/03/2020	31	13	482	20	0	2915	77	0
27/03/2020	32	13	502	15	0	3417	92	0
28/03/2020	33	13	486	22	0	3903	114	0
29/03/2020	34	14	353	22	0	4256	136	0
30/03/2020	35	14	323	23	0	4579	159	0
31/03/2020	36	14	1138	42	0	5717	201	0
01/04/2020	37	14	1117	40	0	6834	241	0
02/04/2020	38	14	1076	58	0	7910	299	0
03/04/2020	39	14	1146	60	0	9056	359	0
04/04/2020	40	14	1222	73	0	10278	432	0
05/04/2020	41	15	852	54	0	11130	486	0
06/04/2020	42	15	926	67	0	12056	553	0
07/04/2020	43	15	1661	114	0	13717	667	0
08/04/2020	44	15	2210	133	0	15927	800	0
09/04/2020	45	15	1930	141	0	17857	941	0
10/04/2020	46	15	1781	115	0	19638	1056	0
11/04/2020	47	15	1089	68	0	20727	1124	0
12/04/2020	48	16	1442	99	0	22169	1223	0
13/04/2020	49	16	1261	105	0	23430	1328	0
14/04/2020	50	16	1832	204	0	25262	1532	0
15/04/2020	51	16	3058	204	0	28320	1736	0
16/04/2020	52	16	2105	188	0	30425	1924	0
17/04/2020	53	16	3257	217	0	33682	2141	0
18/04/2020	54	16	2917	206	0	36599	2347	0
19/04/2020	55	17	2055	115	22130	38654	2462	22130
20/04/2020	56	17	1927	113	861	40581	2575	22991
21/04/2020	57	17	2498	166	1334	43079	2741	24325
22/04/2020	58	17	2678	165	993	45757	2906	25318
23/04/2020	59	17	3735	407	1255	49492	3313	26573
24/04/2020	60	17	3503	357	1082	52995	3670	27655
25/04/2020	61	17	5514	346	1505	58509	4016	29160
26/04/2020	62	18	3379	189	992	61888	4205	30152
27/04/2020	63	18	4613	338	990	66501	4543	31142
28/04/2020	64	18	5385	474	1402	71886	5017	32544
29/04/2020	65	18	6276	449	1588	78162	5466	34132
30/04/2020	66	18	7218	435	1803	85380	5901	35935
01/05/2020	67	18	5919	428	2104	91299	6329	38039
02/05/2020	68	18	5097	395	2898	96396	6724	40937
03/05/2020	69	19	4751	301	2054	101147	7025	42991
04/05/2020	70	19	6633	296	2195	107780	7321	45186
05/05/2020	71	19	6935	600	3035	114715	7921	48221
06/05/2020	72	19	10503	614	3149	125218	8535	51370
07/05/2020	73	19	9888	611	3980	135106	9146	55350
08/05/2020	74	19	10222	749	3947	145328	9895	59297
09/05/2020	75	19	10611	732	2388	155939	10627	61685
10/05/2020	76	20	6760	496	3272	162699	11123	64957
11/05/2020	77	20	5632	396	2427	168331	11519	67384
12/05/2020	78	20	9258	881	5213	177589	12400	72597
13/05/2020	79	20	11385	749	5827	188974	13149	78424
14/05/2020	80	20	13944	844	1055	202918	13993	79479
15/05/2020	81	20	15305	824	5491	218223	14817	84970
16/05/2020	82	20	14919	816	4702	233142	15633	89672
17/05/2020	83	21	7938	485	4450	241080	16118	94122
18/05/2020	84	21	13140	674	6337	254220	16792	100459
19/05/2020	85	21	17408	1179	6335	271628	17971	106794
20/05/2020	86	21	19951	888	9889	291579	18859	116683
21/05/2020	87	21	18508	1188	9277	310087	20047	125960
22/05/2020	88	21	20803	999	9470	330890	21046	135430
23/05/2020	89	21	16508	967	7157	347398	22013	142587
24/05/2020	90	22	15813	653	7324	363211	22666	149911
25/05/2020	91	22	11687	807	3922	374898	23473	153833
26/05/2020	92	22	16324	1039	4760	391222	24512	158593
27/05/2020	93	22	20599	1086	8054	411821	25598	166647
28/05/2020	94	22	26417	1156	10957	438238	26754	177604
29/05/2020	95	22	26928	1124	11872	465166	27878	189476
30/05/2020	96	22	33274	956	11416	498440	28834	200892
31/05/2020	97	23	15760	480	5663	514200	29314	206555
01/06/2020	98	23	12247	623	4525	526447	29937	211080
02/06/2020	99	23	28936	1262	12558	555383	31199	223638
03/06/2020	100	23	28633	1349	14979	584016	32548	238617
04/06/2020	101	23	30925	1473	16346	614941	34021	254963
05/06/2020	102	23	30830	1005	11977	645771	35026	266940
06/06/2020	103	23	27075	904	10209	672846	35930	277149
07/06/2020	104	24	18912	525	6803	691758	36455	283952
08/06/2020	105	24	15654	679	6088	707412	37134	290040
09/06/2020	106	24	32091	1272	21024	739503	38406	311064
10/06/2020	107	24	32913	1274	14331	772416	39680	325395
11/06/2020	108	24	30412	1239	20200	802828	40919	345595
12/06/2020	109	24	25982	909	19468	828810	41828	365063
13/06/2020	110	24	21704	892	14182	850514	42720	379245
14/06/2020	111	25	17110	612	9247	867624	43332	388492
15/06/2020	112	25	20647	627	23760	888271	43959	412252
16/06/2020	113	25	34918	1282	29477	923189	45241	441729
17/06/2020	114	25	32188	1269	21745	955377	46510	463474
18/06/2020	115	25	22765	1238	18628	978142	47748	482102
19/06/2020	116	25	54771	1206	25098	1032913	48954	507200
20/06/2020	117	25	34666	1022	13534	1067579	49976	520734
21/06/2020	118	26	17459	641	28652	1085038	50617	549386
22/06/2020	119	26	21432	654	22263	1106470	51271	571649
23/06/2020	120	26	39436	1374	41696	1145906	52645	613345
24/06/2020	121	26	42725	1185	36563	1188631	53830	649908
25/06/2020	122	26	39483	1141	23821	1228114	54971	673729
26/06/2020	123	26	46860	990	23797	1274974	55961	697526
27/06/2020	124	26	38693	1109	18379	1313667	57070	715905
28/06/2020	125	27	30476	552	17943	1344143	57622	733848
29/06/2020	126	27	24052	692	23614	1368195	58314	757462
30/06/2020	127	27	33846	1280	32578	1402041	59594	790040
01/07/2020	128	27	46712	1038	36826	1448753	60632	826866
02/07/2020	129	27	48105	1252	25950	1496858	61884	852816
03/07/2020	130	27	42223	1290	15556	1539081	63174	868372
04/07/2020	131	27	37923	1091	7987	1577004	64265	876359
05/07/2020	132	28	26051	602	29927	1603055	64867	906286
06/07/2020	133	28	20229	620	21006	1623284	65487	927292
07/07/2020	134	28	45305	1254	49685	1668589	66741	976977
08/07/2020	135	28	44571	1223	43924	1713160	67964	1020901
09/07/2020	136	28	42619	1220	33142	1755779	69184	1054043
10/07/2020	137	28	45048	1214	24720	1800827	70398	1078763
11/07/2020	138	28	39023	1071	22110	1839850	71469	1100873
12/07/2020	139	29	24831	631	22331	1864681	72100	1123204
13/07/2020	140	29	20286	733	31633	1884967	72833	1154837
14/07/2020	141	29	41857	1300	54371	1926824	74133	1209208
15/07/2020	142	29	39924	1233	46356	1966748	75366	1255564
16/07/2020	143	29	45403	1322	40764	2012151	76688	1296328
17/07/2020	144	29	34177	1163	24708	2046328	77851	1321036
18/07/2020	145	29	28532	921	21326	2074860	78772	1342362
19/07/2020	146	30	23529	716	28867	2098389	79488	1371229
20/07/2020	147	30	20257	632	47371	2118646	80120	1418600
21/07/2020	148	30	41008	1367	47370	2159654	81487	1465970
22/07/2020	149	30	67860	1284	66168	2227514	82771	1532138
23/07/2020	150	30	59961	1311	38099	2287475	84082	1570237
24/07/2020	151	30	55891	1156	22044	2343366	85238	1592281
25/07/2020	152	30	51147	1211	25199	2394513	86449	1617480
26/07/2020	153	31	24578	555	16794	2419091	87004	1634274
27/07/2020	154	31	23284	614	33393	2442375	87618	1667667
28/07/2020	155	31	40816	921	53893	2483191	88539	1721560
29/07/2020	156	31	69074	1595	65193	2552265	90134	1786753
30/07/2020	157	31	57837	1129	37342	2610102	91263	1824095
31/07/2020	158	31	52383	1212	19956	2662485	92475	1844051
01/08/2020	159	31	45392	1088	21678	2707877	93563	1865729
02/08/2020	160	32	25800	541	17948	2733677	94104	1883677
03/08/2020	161	32	16641	561	28642	2750318	94665	1912319
04/08/2020	162	32	51603	1154	58448	2801921	95819	1970767
05/08/2020	163	32	55676	1421	49870	2857597	97240	2020637
06/08/2020	164	32	54615	1253	60279	2912212	98493	2080916
07/08/2020	165	32	50230	1079	-12522	2962442	99572	2068394
08/08/2020	166	32	49970	905	25899	3012412	100477	2094293
09/08/2020	167	33	23010	572	24167	3035422	101049	2118460
10/08/2020	168	33	22048	703	45352	3057470	101752	2163812
11/08/2020	169	33	52160	1274	79312	3109630	103026	2243124
12/08/2020	170	33	55155	1175	66353	3164785	104201	2309477
13/08/2020	171	33	60091	1262	47163	3224876	105463	2356640
14/08/2020	172	33	50644	1060	27662	3275520	106523	2384302
15/08/2020	173	33	41576	709	19970	3317096	107232	2404272
16/08/2020	174	34	23101	620	28184	3340197	107852	2432456
17/08/2020	175	34	19373	684	46038	3359570	108536	2478494
18/08/2020	176	34	47784	1352	75685	3407354	109888	2554179
19/08/2020	177	34	49298	1212	61075	3456652	111100	2615254
20/08/2020	178	34	45323	1204	38153	3501975	112304	2653407
21/08/2020	179	34	30355	1054	17348	3532330	113358	2670755
22/08/2020	180	34	50032	892	38883	3582362	114250	2709638
23/08/2020	181	35	23421	494	29397	3605783	114744	2739035
24/08/2020	182	35	17078	565	39674	3622861	115309	2778709
25/08/2020	183	35	47134	1271	69686	3669995	116580	2848395
26/08/2020	184	35	47161	1085	60453	3717156	117665	2908848
27/08/2020	185	35	44235	984	38402	3761391	118649	2947250
28/08/2020	186	35	43412	855	29546	3804803	119504	2976796
29/08/2020	187	35	41350	958	29883	3846153	120462	3006679
30/08/2020	188	36	16158	366	24947	3862311	120828	3031626
